[[1 1 0.71] [1 2 1.41] [1 3 2.12] [1 4 2.83] [1 5 3.54] [1 6 4.24] [1 7 4.95] [1 8 5.66] [1 9 6.36] [2 1 1.41] [2 2 2.83] [2 3 4.24] [2 4 5.66] [2 5 7.07] [2 6 8.49] [2 7 9.9] [2 8 11.31] [2 9 12.73] [3 1 2.12] [3 2 4.24] [3 3 6.36] [3 4 8.49] [3 5 10.61] [3 6 12.73] [3 7 14.85] [3 8 16.97] [3 9 19.09] [4 1 2.83] [4 2 5.66] [4 3 8.49] [4 4 11.31] [4 5 14.14] [4 6 16.97] [4 7 19.8] [4 8 22.63] [4 9 25.46] [5 1 3.54] [5 2 7.07] [5 3 10.61] [5 4 14.14] [5 5 17.68] [5 6 21.21] [5 7 24.75] [5 8 28.28] [5 9 31.82] [6 1 4.24] [6 2 8.49] [6 3 12.73] [6 4 16.97] [6 5 21.21] [6 6 25.46] [6 7 29.7] [6 8 33.94] [6 9 38.18] [7 1 4.95] [7 2 9.9] [7 3 14.85] [7 4 19.8] [7 5 24.75] [7 6 29.7] [7 7 34.65] [7 8 39.6] [7 9 44.55] [8 1 5.66] [8 2 11.31] [8 3 16.97] [8 4 22.63] [8 5 28.28] [8 6 33.94] [8 7 39.6] [8 8 45.25] [8 9 50.91] [9 1 6.36] [9 2 12.73] [9 3 19.09] [9 4 25.46] [9 5 31.82] [9 6 38.18] [9 7 44.55] [9 8 50.91] [9 9 57.28]]