[[2 2 8] [2 3 12] [2 4 16] [2 5 20] [2 6 24] [2 7 28] [2 8 32] [2 9 36] [2 10 40] [2 11 44] [2 12 48] [2 13 52] [2 14 56] [2 15 60] [2 16 64] [2 17 68] [2 18 72] [2 19 76] [2 20 80] [3 2 12] [3 3 18] [3 4 24] [3 5 30] [3 6 36] [3 7 42] [3 8 48] [3 9 54] [3 10 60] [3 11 66] [3 12 72] [3 13 78] [3 14 84] [3 15 90] [3 16 96] [3 17 102] [3 18 108] [3 19 114] [3 20 120] [4 2 16] [4 3 24] [4 4 32] [4 5 40] [4 6 48] [4 7 56] [4 8 64] [4 9 72] [4 10 80] [4 11 88] [4 12 96] [4 13 104] [4 14 112] [4 15 120] [4 16 128] [4 17 136] [4 18 144] [4 19 152] [4 20 160] [5 2 20] [5 3 30] [5 4 40] [5 5 50] [5 6 60] [5 7 70] [5 8 80] [5 9 90] [5 10 100] [5 11 110] [5 12 120] [5 13 130] [5 14 140] [5 15 150] [5 16 160] [5 17 170] [5 18 180] [5 19 190] [5 20 200] [6 2 24] [6 3 36] [6 4 48] [6 5 60] [6 6 72] [6 7 84] [6 8 96] [6 9 108] [6 10 120] [6 11 132] [6 12 144] [6 13 156] [6 14 168] [6 15 180] [6 16 192] [6 17 204] [6 18 216] [6 19 228] [6 20 240] [7 2 28] [7 3 42] [7 4 56] [7 5 70] [7 6 84] [7 7 98] [7 8 112] [7 9 126] [7 10 140] [7 11 154] [7 12 168] [7 13 182] [7 14 196] [7 15 210] [7 16 224] [7 17 238] [7 18 252] [7 19 266] [7 20 280] [8 2 32] [8 3 48] [8 4 64] [8 5 80] [8 6 96] [8 7 112] [8 8 128] [8 9 144] [8 10 160] [8 11 176] [8 12 192] [8 13 208] [8 14 224] [8 15 240] [8 16 256] [8 17 272] [8 18 288] [8 19 304] [8 20 320] [9 2 36] [9 3 54] [9 4 72] [9 5 90] [9 6 108] [9 7 126] [9 8 144] [9 9 162] [9 10 180] [9 11 198] [9 12 216] [9 13 234] [9 14 252] [9 15 270] [9 16 288] [9 17 306] [9 18 324] [9 19 342] [9 20 360] [10 2 40] [10 3 60] [10 4 80] [10 5 100] [10 6 120] [10 7 140] [10 8 160] [10 9 180] [10 10 200] [10 11 220] [10 12 240] [10 13 260] [10 14 280] [10 15 300] [10 16 320] [10 17 340] [10 18 360] [10 19 380] [10 20 400] [11 2 44] [11 3 66] [11 4 88] [11 5 110] [11 6 132] [11 7 154] [11 8 176] [11 9 198] [11 10 220] [11 11 242] [11 12 264] [11 13 286] [11 14 308] [11 15 330] [11 16 352] [11 17 374] [11 18 396] [11 19 418] [11 20 440] [12 2 48] [12 3 72] [12 4 96] [12 5 120] [12 6 144] [12 7 168] [12 8 192] [12 9 216] [12 10 240] [12 11 264] [12 12 288] [12 13 312] [12 14 336] [12 15 360] [12 16 384] [12 17 408] [12 18 432] [12 19 456] [12 20 480]]